100
0.0
0.0
0.0
0.0
0.0
srednia:0.0
1000
0.0
0.0
0.0009961128234863281
0.0
0.0
srednia:0.00019922256469726563
10000
0.0009980201721191406
0.005105495452880859
0.00622105598449707
0.0042726993560791016
0.0020232200622558594
srednia:0.0037240982055664062
100000
0.06065535545349121
0.0468289852142334
0.03828072547912598
0.035537004470825195
0.04380631446838379
srednia:0.045021677017211915
1000000
0.5795011520385742
0.43037939071655273
0.43163228034973145
0.3838064670562744
0.4331495761871338
srednia:0.4516937732696533
10000000
5.003574371337891
4.802397012710571
4.939659595489502
4.788287162780762
4.801586866378784
srednia:4.867101001739502
